re im
1.71500000 -0.33816194
1.71181196 -0.33500000
1.71500000 -0.33124283
1.71867092 -0.33500000
1.71500000 -0.33816194
nan nan
1.71500000 -0.34132388
1.70862392 -0.33500000
1.71500000 -0.32748567
1.72234184 -0.33500000
1.71500000 -0.34132388
nan nan
1.71500000 -0.34448581
1.70543588 -0.33500000
1.71115874 -0.32500000
1.71500000 -0.32256399
1.72034314 -0.32500000
1.72500000 -0.33016700
1.72709160 -0.33500000
1.72500000 -0.33830201
1.71500000 -0.34448581
nan nan
1.70500000 -0.34860699
1.70146434 -0.34500000
1.69733710 -0.33500000
1.69972675 -0.32500000
1.70500000 -0.31917215
1.71500000 -0.31536580
1.72500000 -0.31743169
1.73262178 -0.32500000
1.73467294 -0.33500000
1.73095384 -0.34500000
1.72500000 -0.35040685
1.71500000 -0.35275731
1.70500000 -0.34860699
nan nan
1.71500000 -0.36726501
1.70517918 -0.36500000
1.70500000 -0.36496494
1.69500000 -0.35899065
1.69122865 -0.35500000
1.68574158 -0.34500000
1.68500000 -0.34032526
1.68402513 -0.33500000
1.68500000 -0.32899595
1.68551854 -0.32500000
1.69059390 -0.31500000
1.69500000 -0.31035356
1.70364580 -0.30500000
1.70500000 -0.30426978
1.71500000 -0.30199429
1.72500000 -0.30327283
1.72875301 -0.30500000
1.73500000 -0.30811732
1.74211380 -0.31500000
1.74500000 -0.32030449
1.74738178 -0.32500000
1.74896307 -0.33500000
1.74711187 -0.34500000
1.74500000 -0.34912245
1.74150803 -0.35500000
1.73500000 -0.36124976
1.72712831 -0.36500000
1.72500000 -0.36597591
1.71500000 -0.36726501
nan nan
1.69500000 -0.39052824
1.68530376 -0.38500000
1.68500000 -0.38481852
1.67500000 -0.37598397
1.67414431 -0.37500000
1.66720098 -0.36500000
1.66500000 -0.36003525
1.66288074 -0.35500000
1.66051547 -0.34500000
1.65999403 -0.33500000
1.66124844 -0.32500000
1.66449789 -0.31500000
1.66500000 -0.31401814
1.66973283 -0.30500000
1.67500000 -0.29843781
1.67833939 -0.29500000
1.68500000 -0.28954660
1.69330496 -0.28500000
1.69500000 -0.28412460
1.70500000 -0.28082729
1.71500000 -0.27958178
1.72500000 -0.28017238
1.73500000 -0.28270244
1.74007889 -0.28500000
1.74500000 -0.28731298
1.75500000 -0.29477434
1.75524307 -0.29500000
1.76378435 -0.30500000
1.76500000 -0.30715907
1.76924794 -0.31500000
1.77235001 -0.32500000
1.77353699 -0.33500000
1.77306406 -0.34500000
1.77082844 -0.35500000
1.76643969 -0.36500000
1.76500000 -0.36732638
1.75951502 -0.37500000
1.75500000 -0.37975357
1.74823032 -0.38500000
1.74500000 -0.38724023
1.73500000 -0.39191778
1.72500000 -0.39426724
1.71500000 -0.39479938
1.70500000 -0.39364531
1.69500000 -0.39052824
nan nan
1.68500000 -0.44610884
1.68262470 -0.44500000
1.67500000 -0.44157445
1.66500000 -0.43534932
1.66454574 -0.43500000
1.65500000 -0.42745129
1.65249201 -0.42500000
1.64500000 -0.41708178
1.64332355 -0.41500000
1.63615440 -0.40500000
1.63500000 -0.40311934
1.63047217 -0.39500000
1.62608907 -0.38500000
1.62500000 -0.38179421
1.62275126 -0.37500000
1.62039802 -0.36500000
1.61901570 -0.35500000
1.61855011 -0.34500000
1.61898887 -0.33500000
1.62036799 -0.32500000
1.62277418 -0.31500000
1.62500000 -0.30866140
1.62623608 -0.30500000
1.63083011 -0.29500000
1.63500000 -0.28808362
1.63692699 -0.28500000
1.64479446 -0.27500000
1.64500000 -0.27477463
1.65500000 -0.26505783
1.65507008 -0.26500000
1.66500000 -0.25760074
1.66945429 -0.25500000
1.67500000 -0.25189956
1.68500000 -0.24764343
1.69404184 -0.24500000
1.69500000 -0.24471037
1.70500000 -0.24275749
1.71500000 -0.24191717
1.72500000 -0.24214349
1.73500000 -0.24344482
1.74147611 -0.24500000
1.74500000 -0.24581283
1.75500000 -0.24925731
1.76500000 -0.25412577
1.76646539 -0.25500000
1.77500000 -0.26042915
1.78082522 -0.26500000
1.78500000 -0.26869147
1.79121286 -0.27500000
1.79500000 -0.27959332
1.79913709 -0.28500000
1.80500000 -0.29469237
1.80518196 -0.29500000
1.80997716 -0.30500000
1.81341672 -0.31500000
1.81500000 -0.32180194
1.81579739 -0.32500000
1.81726965 -0.33500000
1.81776228 -0.34500000
1.81731081 -0.35500000
1.81590704 -0.36500000
1.81500000 -0.36891855
1.81360581 -0.37500000
1.81030852 -0.38500000
1.80582142 -0.39500000
1.80500000 -0.39653944
1.80012174 -0.40500000
1.79500000 -0.41229238
1.79284621 -0.41500000
1.78500000 -0.42367784
1.78357453 -0.42500000
1.77500000 -0.43241852
1.77124018 -0.43500000
1.76500000 -0.43920077
1.75500000 -0.44428486
1.75308507 -0.44500000
1.74500000 -0.44816112
1.73500000 -0.45073901
1.72500000 -0.45210565
1.71500000 -0.45235493
1.70500000 -0.45149581
1.69500000 -0.44946392
1.68500000 -0.44610884
nan nan
1.54427054 -0.62500000
1.54500000 -0.62414834
1.55289625 -0.61500000
1.55500000 -0.61207220
1.56012125 -0.60500000
1.56500000 -0.59646693
1.56584152 -0.59500000
1.57023779 -0.58500000
1.57324823 -0.57500000
1.57500000 -0.56530168
1.57505411 -0.56500000
1.57585525 -0.55500000
1.57575357 -0.54500000
1.57500000 -0.53611579
1.57491375 -0.53500000
1.57353385 -0.52500000
1.57171802 -0.51500000
1.56957750 -0.50500000
1.56723271 -0.49500000
1.56500000 -0.48593438
1.56478489 -0.48500000
1.56232647 -0.47500000
1.55990476 -0.46500000
1.55758914 -0.45500000
1.55543377 -0.44500000
1.55500000 -0.44287143
1.55344862 -0.43500000
1.55168789 -0.42500000
1.55018849 -0.41500000
1.54897278 -0.40500000
1.54806995 -0.39500000
1.54749192 -0.38500000
1.54726282 -0.37500000
1.54739985 -0.36500000
1.54791676 -0.35500000
1.54884511 -0.34500000
1.55021124 -0.33500000
1.55205248 -0.32500000
1.55441342 -0.31500000
1.55500000 -0.31296750
1.55721859 -0.30500000
1.56060500 -0.29500000
1.56467318 -0.28500000
1.56500000 -0.28429794
1.56930290 -0.27500000
1.57477444 -0.26500000
1.57500000 -0.26463052
1.58099451 -0.25500000
1.58500000 -0.24937066
1.58822770 -0.24500000
1.59500000 -0.23682596
1.59660432 -0.23500000
1.60500000 -0.22631158
1.60637488 -0.22500000
1.61500000 -0.21736266
1.61796717 -0.21500000
1.62500000 -0.20969288
1.63209091 -0.20500000
1.63500000 -0.20314052
1.64500000 -0.19752560
1.65030376 -0.19500000
1.65500000 -0.19277881
1.66500000 -0.18879646
1.67500000 -0.18560767
1.67740779 -0.18500000
1.68500000 -0.18302700
1.69500000 -0.18110582
1.70500000 -0.17983317
1.71500000 -0.17918636
1.72500000 -0.17914653
1.73500000 -0.17971513
1.74500000 -0.18089886
1.75500000 -0.18272459
1.76413931 -0.18500000
1.76500000 -0.18520961
1.77500000 -0.18827521
1.78500000 -0.19210345
1.79134217 -0.19500000
1.79500000 -0.19669420
1.80500000 -0.20208063
1.80973462 -0.20500000
1.81500000 -0.20838164
1.82407223 -0.21500000
1.82500000 -0.21571790
1.83500000 -0.22421924
1.83585010 -0.22500000
1.84500000 -0.23413115
1.84581735 -0.23500000
1.85437461 -0.24500000
1.85500000 -0.24581520
1.86181684 -0.25500000
1.86500000 -0.25989586
1.86826752 -0.26500000
1.87384876 -0.27500000
1.87500000 -0.27737112
1.87873909 -0.28500000
1.88290909 -0.29500000
1.88500000 -0.30094558
1.88646798 -0.30500000
1.88949576 -0.31500000
1.89194484 -0.32500000
1.89386783 -0.33500000
1.89500000 -0.34287812
1.89532239 -0.34500000
1.89635963 -0.35500000
1.89694499 -0.36500000
1.89709891 -0.37500000
1.89683796 -0.38500000
1.89617571 -0.39500000
1.89512144 -0.40500000
1.89500000 -0.40587671
1.89373504 -0.41500000
1.89198121 -0.42500000
1.88987145 -0.43500000
1.88742077 -0.44500000
1.88500000 -0.45382840
1.88466834 -0.45500000
1.88164671 -0.46500000
1.87835556 -0.47500000
1.87500000 -0.48455360
1.87483496 -0.48500000
1.87112320 -0.49500000
1.86727214 -0.50500000
1.86500000 -0.51094350
1.86334435 -0.51500000
1.85939548 -0.52500000
1.85557046 -0.53500000
1.85500000 -0.53664477
1.85188102 -0.54500000
1.84851229 -0.55500000
1.84562292 -0.56500000
1.84500000 -0.56775325
1.84323418 -0.57500000
1.84155748 -0.58500000
1.84070033 -0.59500000
1.84074208 -0.60500000
1.84173853 -0.61500000
1.84372222 -0.62500000
nan nan
1.42500000 -0.42640377
1.42521895 -0.42500000
1.42675320 -0.41500000
1.42827493 -0.40500000
1.42980961 -0.39500000
1.43138955 -0.38500000
1.43303957 -0.37500000
1.43479268 -0.36500000
1.43500000 -0.36389820
1.43662671 -0.35500000
1.43859715 -0.34500000
1.44073106 -0.33500000
1.44305957 -0.32500000
1.44500000 -0.31736876
1.44558805 -0.31500000
1.44829636 -0.30500000
1.45126623 -0.29500000
1.45453237 -0.28500000
1.45500000 -0.28367615
1.45802256 -0.27500000
1.46183998 -0.26500000
1.46500000 -0.25742530
1.46600502 -0.25500000
1.47048169 -0.24500000
1.47500000 -0.23579487
1.47539083 -0.23500000
1.48065464 -0.22500000
1.48500000 -0.21743254
1.48641184 -0.21500000
1.49263298 -0.20500000
1.49500000 -0.20145167
1.49939645 -0.19500000
1.50500000 -0.18733939
1.50676026 -0.18500000
1.51479005 -0.17500000
1.51500000 -0.17475121
1.52354958 -0.16500000
1.52500000 -0.16343305
1.53318263 -0.15500000
1.53500000 -0.15321053
1.54380941 -0.14500000
1.54500000 -0.14393324
1.55500000 -0.13549699
1.55562775 -0.13500000
1.56500000 -0.12779714
1.56893956 -0.12500000
1.57500000 -0.12079008
1.58410200 -0.11500000
1.58500000 -0.11443805
1.59500000 -0.10862824
1.60191830 -0.10500000
1.60500000 -0.10339352
1.61500000 -0.09864282
1.62363724 -0.09500000
1.62500000 -0.09442290
1.63500000 -0.09059909
1.64500000 -0.08726169
1.65282659 -0.08500000
1.65500000 -0.08436163
1.66500000 -0.08181803
1.67500000 -0.07969923
1.68500000 -0.07798154
1.69500000 -0.07665339
1.70500000 -0.07570198
1.71500000 -0.07511846
1.72028571 -0.07500000
1.72500000 -0.07489006
1.73292000 -0.07500000
1.73500000 -0.07502785
1.74500000 -0.07552342
1.75500000 -0.07638077
1.76500000 -0.07760549
1.77500000 -0.07920401
1.78500000 -0.08119592
1.79500000 -0.08358742
1.80007884 -0.08500000
1.80500000 -0.08635311
1.81500000 -0.08949825
1.82500000 -0.09309358
1.82975749 -0.09500000
1.83500000 -0.09710330
1.84500000 -0.10155425
1.85200883 -0.10500000
1.85500000 -0.10648528
1.86500000 -0.11188846
1.87028997 -0.11500000
1.87500000 -0.11782353
1.88500000 -0.12431362
1.88599700 -0.12500000
1.89500000 -0.13137341
1.89979252 -0.13500000
1.90500000 -0.13907608
1.91213480 -0.14500000
1.91500000 -0.14747677
1.92327997 -0.15500000
1.92500000 -0.15663767
1.93342961 -0.16500000
1.93500000 -0.16664172
1.94272183 -0.17500000
1.94500000 -0.17760854
1.95127967 -0.18500000
1.95500000 -0.18966540
1.95916889 -0.19500000
1.96500000 -0.20298377
1.96645109 -0.20500000
1.97321060 -0.21500000
1.97500000 -0.21783857
1.97948911 -0.22500000
1.98500000 -0.23451699
1.98527930 -0.23500000
1.99070411 -0.24500000
1.99500000 -0.25362724
1.99568828 -0.25500000
2.00036401 -0.26500000
2.00463939 -0.27500000
2.00500000 -0.27590940
2.00866081 -0.28500000
2.01234846 -0.29500000
2.01500000 -0.30284980
2.01574064 -0.30500000
2.01891081 -0.31500000
2.02180645 -0.32500000
2.02444311 -0.33500000
2.02500000 -0.33731111
