a b z
0.0000000000 0.4000000000 1.5800000000
0.0500000000 0.3500000000 1.5800000000
0.1000000000 0.3000000000 1.5800000000
0.1500000000 0.2500000000 1.5800000000
0.2000000000 0.2000000000 1.5800000000
0.2500000000 0.1500000000 1.5800000000
0.3000000000 0.1000000000 1.5800000000
0.3500000000 0.0500000000 1.5800000000
0.4000000000 0.0000000000 1.5800000000

0.0000000000 0.4000000000 1.5994653134
0.0500000000 0.3500000000 1.6184162330
0.1000000000 0.3000000000 1.6386248445
0.1500000000 0.2500000000 1.6602762389
0.2000000000 0.2000000000 1.6835979353
0.2500000000 0.1500000000 1.7088742714
0.3000000000 0.1000000000 1.7364679469
0.3500000000 0.0500000000 1.7668533329
0.4000000000 0.0000000000 1.8006702647
